<?xml version="1.0" encoding="utf-8"?>
<opencv_storage>
   <center_coloum>2.38775651213288199415e+02</center_coloum>
   <center_row>2.40323822001423366146e+02</center_row>
   <para_a>1.68751402238464054406e+00</para_a>
   <para_b>6.81971273024720419514e-03</para_b>
   <correction_x>2.58195895994989876865e-01</correction_x>
   <correction_y>-1.52354471269983471338e+00</correction_y>
   <max_radius>2.30331744008513027211e+02</max_radius>
</opencv_storage>