<?xml version="1.0" encoding="utf-8"?>
<opencv_storage>
   <center_coloum>2.24779317844162193296e+02</center_coloum>
   <center_row>2.40621137573655147435e+02</center_row>
   <para_a>1.56877750063294585381e+00</para_a>
   <para_b>7.08754187808609444066e-03</para_b>
   <correction_x>9.15967376109534825446e+00</correction_x>
   <correction_y>-8.49164735234707102052e+00</correction_y>
   <max_radius>2.21627801826699226240e+02</max_radius>
</opencv_storage>