<?xml version="1.0" encoding="utf-8"?>
<opencv_storage>
   <center_coloum>2.47156036225249124527e+02</center_coloum>
   <center_row>2.39805728907745333345e+02</center_row>
   <para_a>1.67015198526012165203e+00</para_a>
   <para_b>6.95475114486841100581e-03</para_b>
   <correction_x>-1.06501451500088588631e+01</correction_x>
   <correction_y>-2.10039306266850189786e+00</correction_y>
   <max_radius>2.25859458386791374096e+02</max_radius>
</opencv_storage>