<?xml version="1.0"?>
<opencv_storage>
<Color_Calib>
  <_>
    <poly_pts>
      37 57 123 9 122 90 97 92</poly_pts>
    <line_pts>
      0 510</line_pts></_>
  <_>
    <poly_pts>
      119 127 128 128 131 144 124 147</poly_pts>
    <line_pts>
      44 510</line_pts></_>
  <_>
    <poly_pts>
      84 46 146 30 122 251 56 255</poly_pts>
    <line_pts>
      0 510</line_pts></_></Color_Calib>
</opencv_storage>
