<?xml version="1.0" encoding="utf-8"?>
<opencv_storage>
   <center_coloum>2.44736273923602141167e+02</center_coloum>
   <center_row>2.38108943373939439425e+02</center_row>
   <para_a>1.67677087127597568283e+00</para_a>
   <para_b>6.73111797907830454457e-03</para_b>
   <correction_x>-3.08936302608359714128e+00</correction_x>
   <correction_y>4.39315902156619841890e+00</correction_y>
   <max_radius>2.33363362769342899128e+02</max_radius>
</opencv_storage>